[[1385  148]
 [1439  200]
 [  92  898]
 [2569  380]
 [2479 1236]
 [1310 2692]
 [2645  963]
 [ 956 1257]
 [1075 1124]
 [1476 1170]]
[0.12074921 0.11748384 0.10612476 0.10374101 0.10370941 0.10256365
 0.1016459  0.09733362 0.09692442 0.09681562]
 
 
 [[1158 2383]
 [1936 1413]
 [1472  172]
 [2401  375]
 [1936  402]
 [ 172 1472]
 [ 614 1475]
 [1943 1413]
 [1101 2146]
 [1837  182]]
[0.19147043 0.15760826 0.15661931 0.15261544 0.15072589 0.14872442
 0.1483339  0.14740719 0.14192535 0.1418033 ]

# ------------------------ best -----------------------------
[[ 239 1358]
 [ 385 2484]
 [1476 1170]
 [2083 1358]
 [ 284   75]
 [ 898 2160]
 [ 168  167]
 [ 281 1358]
 [  92  898]
 [1056 2482]]
[0.12184158 0.11199176 0.1092335  0.10624546 0.10478526 0.10108931
 0.09997397 0.0995985  0.0990801  0.09825288]