top-10:
[[ 59  33]
 [ 20  61]
 [ 97  61]
 [128 130]
 [ 72  33]
 [ 50  61]
 [ 21  61]
 [ 68  33]
 [ 44  61]
 [ 53  33]]
 
59 33 [59, 1358, 1072, 417, 2034, 2040, 33]
20 61 [20, 1072, 1358, 1741, 1309, 61]
97 61 [97, 661, 1882, 1309, 61]
128 130 [128, 392, 720, 1441, 2274, 1527, 88, 130]
72 33 [72, 1358, 1072, 417, 2034, 2040, 33]
50 61 [50, 1441, 454, 2189, 1926, 1416, 61]
21 61 [21, 2310, 1920, 1926, 1416, 61]
68 33 [68, 1986, 2001, 2121, 33]
53 33 [53, 1358, 1072, 417, 2034, 2040, 33]
 
 
 larger than 0.5:
 [[  59   33]
 [  20   61]
 [  97   61]
 [ 128  130]
 [  72   33]
 [  50   61]
 [  21   61]
 [  68   33]
 [  44   61]
 [  53   33]
 [ 111   33]
 [ 120   61]
 [  90   33]
 [   5   33]
 [ 101   33]
 [ 130   61]
 [  25   61]
 [  83   33]
 [  13   61]
 [  16   33]
 [  73   33]
 [  71   33]
 [  28   33]
 [  46   33]
 [   4   61]
 [  19   61]
 [  14   61]
 [   7   61]
 [  51   61]
 [  24   61]
 [ 113   61]
 [  40   61]
 [  64   33]
 [   9   33]
 [ 130   98]
 [ 125   61]
 [  34   33]
 [ 130  130]
 [  57   61]
 [ 119   61]
 [ 105   33]
 [ 110   33]
 [  58   33]
 [  17   61]
 [  30   61]
 [ 117   61]
 [  48   61]
 [ 132   61]
 [ 129   61]
 [ 115   61]
 [ 114   61]
 [  47  130]
 [  67   61]
 [  70   61]
 [  27   61]
 [  15   61]
 [ 137   33]
 [  37   61]
 [  76   61]
 [ 112   33]
 [ 126   33]
 [ 102   33]
 [   8   61]
 [  32   63]
 [ 103   33]
 [ 121   33]
 [ 107   61]
 [ 131   33]
 [  61   63]
 [  45   61]
 [  85   33]
 [ 124   33]
 [  50  108]
 [  20  108]
 [ 139   33]
 [  62   63]
 [ 104   33]
 [  88   63]
 [ 135   33]
 [ 109   33]
 [  18   33]
 [ 100   63]
 [ 128  108]
 [ 133   33]
 [   0   61]
 [ 136   33]
 [ 120  108]
 [  10   63]
 [  47   98]
 [ 129  108]
 [ 128   75]
 [  94   63]
 [ 119  108]
 [  74   63]
 [ 138   33]
 [  36   33]
 [  54   33]
 [  67  108]
 [  53   83]
 [ 139  108]
 [  98   63]
 [  47  108]
 [ 114  108]
 [  79   63]
 [   3   63]
 [  60   63]
 [ 112  108]
 [  76  108]
 [ 130   86]
 [  97  108]
 [  35   63]
 [  80   63]
 [  81   63]
 [  52   63]
 [  11   63]
 [  65   63]
 [ 115  108]
 [  95   63]
 [ 125  108]
 [ 132  108]
 [  44  130]
 [ 113  108]
 [  70  108]
 [ 104  108]
 [  50  130]
 [  36  108]
 [ 107  108]
 [ 117  108]
 [ 126  108]
 [   6   63]
 [ 134   33]
 [ 124  108]
 [ 138  108]
 [ 137  108]
 [ 102  108]
 [ 136  108]
 [  25  130]
 [  83 2299]
 [  20   98]
 [  20  130]
 [ 103  108]
 [  37  108]
 [ 111   83]
 [ 128   80]
 [  85  108]
 [  25   52]
 [ 109  108]
 [ 138   63]
 [  28   63]
 [  54  108]
 [  50   98]
 [  25  122]
 [ 121  108]
 [  76  130]
 [ 139   90]
 [  91  108]
 [ 134  108]
 [  15   63]
 [ 133  108]
 [  33   32]
 [  48  130]
 [ 130   75]
 [  90 2299]
 [  18  108]
 [   0  130]
 [  33 2012]
 [  30   63]
 [  75   88]
 [  83   37]
 [  33   62]
 [  57  130]
 [  47   75]
 [  33  696]
 [  21  130]
 [  22  108]
 [   7   63]
 [ 134 1761]
 [  31   69]
 [ 135  108]
 [  33   31]
 [ 120  130]
 [  36   90]
 [   7  130]
 [ 108 1635]
 [  14   63]
 [ 108  111]
 [ 124   63]
 [   1  108]
 [  38  108]
 [  84  108]
 [ 102   63]
 [  70  130]
 [  15  130]
 [  73   63]
 [  63  108]
 [ 119  130]
 [ 109   63]
 [ 131  108]
 [ 112   63]
 [  30  130]
 [ 118   69]
 [  49  108]
 [  13   63]
 [  82  108]
 [  72   63]
 [ 129  130]
 [ 107  130]
 [ 106   69]
 [  67  130]
 [  90   22]
 [  16   63]
 [  41   69]
 [ 128   23]
 [  47   80]
 [2137 1881]
 [  19   63]
 [  14  130]
 [  83   83]
 [  17   63]
 [  25   86]
 [   4  130]
 [  78  108]
 [  28   83]
 [ 361  536]
 [  20   86]
 [  90   37]
 [  45   63]
 [  66  108]
 [  50   75]
 [  39  108]]
 
 